version https://git-lfs.github.com/spec/v1
oid sha256:887776d9e826fb5526757445b9de953ffe0474915bbfa990c21f46b2509ead82
size 200000000
